outputs_equal=True
benchmark_trials=10
max_tokens_generated=250
cached_tbt_median=0.005948114973895564
cached_ttft_median=0.008991562500028749
cached_tbt_trials=[0.006028806602409621, 0.006205812975903642, 0.006134092180722945, 0.006003289879518216, 0.00594955218072283, 0.005943221919678818, 0.0059382081887549825, 0.005946677767068299, 0.005941729963855512, 0.005936016686747284]
cached_ttft_trials=[0.00913418800001864, 0.009268604999988383, 0.009312676000035935, 0.009068992999971215, 0.008993450000048142, 0.008976114999995843, 0.008916744000032395, 0.008989675000009356, 0.0089563759999578, 0.008959834999927807]
-----------------------
uncached_tbt_median=0.006168935608433705
uncached_ttft_median=0.00852112649999981
uncached_tbt_trials=[0.006254818807228931, 0.006331706080321185, 0.006255756967871422, 0.0062405492771084115, 0.006168473329317378, 0.006169397887550033, 0.006156525008032168, 0.006152579835341259, 0.006153310461847439, 0.006156788016064328]
uncached_ttft_trials=[0.008547583999984454, 0.008648696000022937, 0.00855818799999497, 0.008551325000041743, 0.00845109199997296, 0.008494669000015165, 0.008445163000033062, 0.008432390999985273, 0.008567556000002696, 0.008448734000012337]
-----------------------
