outputs_equal=False
benchmark_trials=10
max_tokens_generated=250
cached_tbt_median=0.01095523427108434
cached_ttft_median=0.009839812000000947
cached_tbt_trials=[0.010554511714859436, 0.010762779618473897, 0.012267126843373492, 0.011152338020080314, 0.011147688923694781, 0.012109120317269085, 0.012437342534136555, 0.01023992536546186, 0.010193849730923684, 0.010401883032128514]
cached_ttft_trials=[0.009996333000000135, 0.010019749999997885, 0.012450250000000551, 0.009683291000001759, 0.011028499999998331, 0.010915582999999174, 0.00942258399999929, 0.009538208999998687, 0.008903709000001925, 0.009088124999998115]
-----------------------
uncached_tbt_median=0.006257017821285141
uncached_ttft_median=0.008544374999999604
uncached_tbt_trials=[0.006242454317269074, 0.006271581325301208, 0.00645834922891567, 0.005878046184738957, 0.006497702975903611, 0.00815407730923693, 0.00820152008032128, 0.005926712349397597, 0.0061707066586345356, 0.005863557228915662]
uncached_ttft_trials=[0.008647083000001388, 0.00796487500000076, 0.011667458999998104, 0.009166541999999112, 0.009061917000000363, 0.008265125000001206, 0.008617082999997194, 0.007773416999995675, 0.008471667000002014, 0.00759862499999997]
-----------------------
